"""
The set of parameters
"""

# paper
pq_sigma = 1.

# main
NUM_SCI = 1000
NUM_CONF = 1
T = 70

# conf
acceptance_rate = 0.5
reward = 1.
cost = 2.
topic_map = {0: "DL"}
init_prestige = 5.
alpha = 5.
beta = 0.
gamma = 1.2
N = 1

# scientist
r_mean = 5.
r_sigma = 1.5
b_mean = 0.
b_sigma = 1
belif_c = 0.5
theta_0 = 0.
theta_1 = 1.
r_c = 0.001
abtry_c = 0.1
max_abtry = 1.
init_belief_pecent = 0.2

traj = {'quality': [6.369199229701622, 7.192980196060069, 7.503601527113958, 7.559628638809309, 7.584221973125688, 7.568311690670698, 7.6061606748061745, 7.68532882562457, 7.602861876012111, 7.550166877092015, 7.653981473908333, 7.574535134460632, 7.580612301032024, 7.621352422963096, 7.5656037216291745, 7.582655119851565, 7.596496754659895, 7.72756114535226, 7.622470038984562, 7.687192062664815, 7.61416592844113, 7.733676380655405, 7.703632253575841, 7.678733250424925, 7.705829274606807, 7.702206605494276, 7.754489667913918, 7.693545468910178, 7.491312667315042, 7.643863579644643, 7.533901119644908, 7.734629882123712, 7.727981959761275, 7.596993943337884, 7.653773539816497, 7.675241565690307, 7.714777601851966, 7.62300403490151, 7.581025750797045, 7.595686865238639, 7.58022872864153, 7.537209347066036, 7.611424895357622, 7.556407182013912, 7.584086423223611, 7.560954650239063, 7.565939518172083, 7.61426360741617, 7.726643578995258, 7.69062148907832, 7.681850832252125, 7.644157548163707, 7.520058496430828, 7.539146801041747, 7.779528028087699, 7.793830424749748, 7.679237359208491, 7.71014062121281, 7.468029582724143, 7.587097457515907, 7.666054807639376, 7.72325013012541, 7.7915657180911335, 7.705961488656026, 7.559724869451123, 7.638398029172572, 7.495370502590063, 7.6885697560480555, 7.6794470834994755, 7.607752265108171], 'prestige': [4.62591409856154, 5.327449256188816, 5.485300869364524, 5.564678975996088, 5.668247392619328, 5.627670974491343, 5.516146842416703, 5.694376108584111, 5.688308494665495, 5.642475806825852, 5.595004451812798, 5.554980931994518, 5.4757831289056975, 5.586303192608547, 5.547983044789662, 5.655407334666545, 5.690411849657233, 5.786868515804091, 5.539689229468268, 5.825312018680508, 5.521947646574544, 5.657650523756907, 5.630632085412342, 5.723086088812977, 5.780678514157698, 5.693695742824465, 5.713422983507417, 5.580620206582122, 5.649055296622928, 5.684025377735686, 5.514495987454312, 5.68308700710487, 5.7237015841388175, 5.60386994424857, 5.6792341648536055, 5.802594008337142, 5.731279790155549, 5.564914013288421, 5.728018416954146, 5.706937764257615, 5.61389068208636, 5.594343504463392, 5.7216539758337905, 5.605104264673779, 5.639049960693484, 5.59293096607648, 5.608147991213269, 5.500918652936072, 5.727231844586337, 5.807387898908512, 5.70177893479533, 5.774223500082847, 5.671265818603965, 5.51413640077943, 5.64694350127791, 5.667612943700803, 5.642965362908859, 5.76858282528957, 5.522667412786468, 5.550141277507958, 5.535970174479004, 5.671061975342994, 5.801600474299514, 5.878579517248184, 5.482450176838307, 5.7487537959588675, 5.472768848224144, 5.5706224931413555, 5.619725911116774, 5.603266533679005], 'num_of_paper': [791, 434, 361, 275, 269, 280, 277, 251, 249, 264, 277, 261, 283, 248, 274, 272, 266, 263, 259, 254, 281, 264, 233, 257, 248, 245, 259, 248, 244, 290, 259, 258, 255, 253, 268, 254, 248, 252, 264, 283, 271, 283, 285, 275, 260, 281, 281, 284, 253, 246, 259, 241, 272, 304, 285, 256, 238, 265, 259, 290, 268, 250, 256, 228, 265, 263, 280, 272, 271, 249], 'frac_error': [15.656565656565657, 23.04147465437788, 22.651933701657455, 27.536231884057973, 27.4074074074074, 27.857142857142858, 24.460431654676263, 26.190476190476186, 30.400000000000006, 32.57575757575758, 27.338129496402875, 32.06106870229007, 30.281690140845075, 28.2258064516129, 29.1970802919708, 27.20588235294118, 27.06766917293233, 23.484848484848484, 31.538461538461537, 27.55905511811023, 27.6595744680851, 23.484848484848484, 26.49572649572649, 27.906976744186053, 23.38709677419355, 29.268292682926834, 28.46153846153846, 31.45161290322581, 36.885245901639344, 24.13793103448276, 33.07692307692308, 21.705426356589154, 27.34375, 30.708661417322837, 27.611940298507463, 29.13385826771654, 29.838709677419352, 26.984126984126988, 31.060606060606055, 28.873239436619713, 27.941176470588236, 27.464788732394364, 28.671328671328666, 29.71014492753623, 28.46153846153846, 26.95035460992907, 26.95035460992907, 24.647887323943664, 22.047244094488192, 29.268292682926834, 26.923076923076927, 24.79338842975206, 26.470588235294112, 30.263157894736846, 25.874125874125873, 29.6875, 29.411764705882348, 26.315789473684216, 30.76923076923077, 27.586206896551722, 28.358208955223883, 26.400000000000002, 24.21875, 28.947368421052634, 36.09022556390977, 29.54545454545454, 30.000000000000004, 25.0, 25.735294117647058, 31.999999999999996], 'hamming_error': [93.15044247787611, 74.11059907834101, 64.42659279778394, 52.276363636363634, 52.28996282527881, 50.871428571428574, 46.541516245487365, 46.83665338645418, 50.1285140562249, 52.93939393939394, 53.898916967509024, 51.63984674329502, 52.28268551236749, 47.653225806451616, 52.583941605839414, 51.411764705882355, 52.255639097744364, 46.20532319391635, 50.9034749034749, 48.38582677165354, 55.77224199288256, 50.50757575757576, 43.94849785407725, 45.75875486381323, 46.475806451612904, 47.87755102040816, 49.722007722007724, 49.903225806451616, 51.704918032786885, 53.44827586206897, 51.196911196911195, 44.70542635658915, 46.509803921568626, 48.78260869565217, 50.41044776119403, 46.07874015748032, 46.314516129032256, 49.93650793650794, 53.60606060606061, 57.2791519434629, 54.309963099631, 53.37809187279152, 54.098245614035086, 53.42545454545454, 49.23076923076923, 52.320284697508896, 52.64768683274021, 50.901408450704224, 42.47430830039526, 50.1869918699187, 44.13127413127413, 47.468879668049794, 49.72794117647059, 55.75, 50.23859649122807, 46.1875, 44.226890756302524, 48.68679245283019, 51.907335907335906, 53.95172413793104, 49.223880597014926, 49.976, 45.0703125, 43.89473684210526, 56.78490566037736, 48.69201520912547, 54.15714285714286, 47.963235294117645, 53.33579335793358, 47.76706827309237]}
