"""
The set of parameters
"""

# paper
pq_sigma = 1.

# main
NUM_SCI = 1000
NUM_CONF = 1
T = 70

# conf
acceptance_rate = 0.2
reward = 1.
cost = 2.
topic_map = {0: "DL"}
init_prestige = 5.
alpha = 5.
beta = 0.
gamma = 1.2
N = 1

# scientist
r_mean = 5.
r_sigma = 1.5
b_mean = 0.
b_sigma = 1
belif_c = 0.5
theta_0 = 0.
theta_1 = 1.
r_c = 0.001
abtry_c = 0.1
max_abtry = 1.
init_belief_pecent = 0.2

traj = {'quality': [7.147324480730126, 7.934172117950192, 8.012246755224698, 8.253208346327508, 8.489390754310476, 8.554937429596949, 8.514994415128113, 8.402807548522263, 8.146044708133772, 8.298603147761984, 8.275234069532607, 8.289200728312846, 8.296769883778905, 8.288558054159019, 8.224563155364931, 8.140562013129253, 8.068896498981776, 7.991441414912503, 8.129330164752943, 8.114054921688057, 8.228827670057807, 8.21183052101677, 8.03368636977809, 8.194212457810576, 8.221717395902683, 8.41128076010361, 8.205039432888139, 8.241396818472692, 8.563541345246415, 8.610936309854381, 8.41906347156575, 8.454775767525668, 8.440397664682095, 8.253030144040078, 8.35979649149462, 8.418773579756937, 8.17287138246087, 8.112751841627954, 8.292392276585941, 8.245929518425365, 8.286479849265827, 8.385923357709546, 8.211393054678787, 8.207081050669968, 8.013696756883725, 8.243912786592558, 8.470578367884528, 8.453708191713345, 8.632201535203832, 8.33681249563577, 8.248128560060238, 8.100018851870747, 8.162291415643006, 8.09591032264148, 8.00392602430281, 8.477227854790122, 8.489959905288957, 8.31145442150384, 8.307974521897808, 8.390121438019296, 8.17619164869459, 8.410379822561124, 8.588786715085424, 8.280858197868803, 8.32230002179459, 8.19095966353504, 8.250133824723664, 8.218006736790056, 8.438498223913577, 8.387059696138005], 'prestige': [6.842703211413134, 7.475908954404753, 7.597279287515933, 7.799029327742048, 7.821418437368855, 8.035801412898337, 8.067696602144, 7.977581850643137, 7.774850783095582, 7.839828823666998, 7.966293197214, 7.898789558646287, 7.783368552443024, 7.69059739122827, 7.71656296270038, 7.7227443056947145, 7.644722123726117, 7.832567404429961, 7.596603982668558, 7.649344440542297, 7.621666551586326, 7.832290893692798, 7.6422695054229255, 7.766670364972905, 8.108442751306045, 8.011756852222451, 7.841423973372796, 7.958749781243334, 7.822466361535241, 7.842114227651701, 7.860438085694614, 7.929476933098794, 7.905713633040181, 7.848020155424397, 7.886993980412223, 7.862045643966992, 7.720298678589069, 7.687283783542416, 7.926770099887753, 7.879074032858634, 7.898557665423537, 7.991791286019362, 7.678701910506698, 7.863019034172071, 7.659582715283044, 7.717695663601203, 8.134271893948426, 7.712404194546801, 8.166917791713557, 7.891452176733022, 7.891586487814926, 7.330133162839049, 7.741968632736505, 7.786612808562078, 7.566018124052052, 7.878369931517259, 7.969930307515861, 8.001414593439762, 7.699538934102847, 7.921542293545251, 7.719192890431561, 7.741450806887647, 8.224312837523758, 7.776974319576322, 7.77338268871924, 7.802151534674628, 7.629645369563702, 7.700428274787672, 7.790322898944087, 8.191075258689677], 'num_of_paper': [806, 440, 287, 310, 244, 223, 203, 218, 254, 268, 253, 258, 263, 259, 255, 263, 262, 287, 296, 270, 283, 256, 258, 284, 267, 260, 220, 273, 252, 198, 195, 235, 229, 224, 246, 246, 235, 252, 281, 247, 260, 240, 229, 253, 257, 284, 245, 246, 229, 202, 236, 274, 261, 269, 279, 306, 209, 225, 254, 241, 235, 280, 212, 224, 249, 241, 263, 263, 258, 205], 'frac_error': [33.333333333333336, 31.818181818181824, 44.827586206896555, 37.096774193548384, 34.693877551020414, 44.44444444444444, 31.707317073170728, 43.18181818181818, 49.01960784313726, 42.592592592592595, 41.17647058823529, 42.307692307692314, 39.62264150943396, 42.307692307692314, 47.05882352941176, 45.28301886792453, 49.056603773584904, 43.103448275862064, 44.99999999999999, 42.592592592592595, 42.10526315789473, 48.07692307692307, 50.0, 42.10526315789473, 35.18518518518518, 32.692307692307686, 54.54545454545454, 43.63636363636364, 39.21568627450981, 37.5, 51.28205128205128, 38.297872340425535, 41.30434782608695, 51.11111111111111, 34.0, 46.0, 44.680851063829785, 49.01960784313726, 35.08771929824561, 43.99999999999999, 44.230769230769226, 35.416666666666664, 50.0, 45.09803921568627, 48.07692307692307, 40.35087719298246, 30.612244897959183, 40.0, 34.78260869565217, 43.90243902439024, 47.916666666666664, 47.27272727272728, 41.509433962264154, 48.14814814814815, 53.57142857142857, 35.483870967741936, 38.095238095238095, 40.0, 43.13725490196079, 42.85714285714286, 53.191489361702125, 35.71428571428571, 44.18604651162791, 48.88888888888889, 38.0, 36.73469387755102, 43.39622641509434, 41.509433962264154, 32.692307692307686, 43.90243902439024], 'hamming_error': [97.85359801488833, 76.2090909090909, 55.066202090592334, 59.36774193548387, 46.18852459016394, 40.224215246636774, 37.6551724137931, 41.56880733944954, 51.38582677165354, 47.37313432835821, 45.44664031620553, 47.46511627906977, 48.8212927756654, 45.42857142857143, 48.05490196078431, 52.5171102661597, 51.33587786259542, 53.12891986062718, 56.0945945945946, 49.96296296296296, 49.06007067137809, 45.6875, 50.25581395348837, 52.183098591549296, 47.655430711610485, 43.45384615384615, 45.67272727272727, 53.091575091575095, 46.976190476190474, 37.36363636363637, 42.4, 48.61276595744681, 42.87336244541485, 43.419642857142854, 44.764227642276424, 47.02439024390244, 45.91489361702128, 47.03174603174603, 51.81494661921708, 45.7246963562753, 45.223076923076924, 46.95, 44.0174672489083, 47.28853754940712, 49.65758754863813, 51.070422535211264, 41.42040816326531, 47.21138211382114, 39.572052401746724, 37.336633663366335, 47.76271186440678, 52.74452554744526, 52.206896551724135, 49.182156133829, 50.97491039426523, 48.10457516339869, 38.75598086124402, 40.577777777777776, 47.1496062992126, 44.85477178423236, 49.47234042553192, 52.292857142857144, 41.41509433962264, 44.55357142857143, 49.028112449799195, 42.439834024896264, 48.09125475285171, 51.40684410646388, 43.48062015503876, 40.84878048780488]}
