"""
The set of parameters
"""

# paper
pq_sigma = 1.

# main
NUM_SCI = 1000
NUM_CONF = 1
T = 70

# conf
acceptance_rate = 0.2
reward = 1.
cost = 2.
topic_map = {0: "DL"}
init_prestige = 5.
alpha = 10.
beta = 0.
gamma = 1.2
N = 1

# scientist
r_mean = 5.
r_sigma = 1.5
b_mean = 0.
b_sigma = 1
theta_0 = 0.
theta_1 = 1.
r_c = 0.001
abtry_c = 0.1
max_abtry = 1.
init_belief_pecent = 0.2

traj = {'quality': [7.059770826231976, 8.282600185623307, 8.723450221652493, 8.909232726335185, 8.732518828090447, 8.571092814054598, 9.090032613350049, 9.112938740475958, 8.920041971756929, 9.082714535542214, 9.155100713196012, 9.451872876448887, 8.917209824873874, 9.254503488867112, 9.215180823442696, 8.912231288826476, 8.993596692287253, 9.095583551209085, 8.904591741921989, 8.877123445786186, 8.849411497631255, 9.301692468445, 9.02229175829382, 8.944345788479739, 9.008183756246964, 8.858537603428855, 8.874315957548337, 8.897488668826007, 9.12032780717077, 9.119576992229236, 9.034710500346781, 8.96491158509561, 8.93425638562178, 9.133324516977284, 9.091820813140728, 8.824504666833114, 8.90770069200574, 8.895696026856447, 9.263016724525292, 9.293635244749312, 8.500052609691334, 8.901446644171672, 8.642107361848165, 9.310260024661327, 8.73964553368662, 8.916128407699793, 8.868415444446025, 8.730514682916414, 8.738740312309991, 8.934128447649917, 8.740942480904467, 8.460150190231083, 8.93452157584635, 8.91042073046722, 8.99132077734247, 8.87431715826401, 9.004890985004176, 8.97027264923516, 8.690315554087565, 9.058451669603178, 9.247685872250631, 9.117302331424597, 8.944895972641515, 9.018494936975467, 8.966958441048263, 8.974315227267843, 8.653056057443633, 8.808561661200795, 9.117604318925771, 9.249235655143497], 'prestige': [5.70890542790678, 6.7043679528607925, 7.5482116504785495, 7.591972345042061, 6.343237532258028, 6.665394050853381, 7.645178552651652, 7.349838451180355, 6.855611095210417, 8.032751186919445, 7.403893050929046, 7.606218425440412, 7.582968188719182, 7.742631724613615, 7.7851580735563655, 7.3214008945118625, 7.425609321203384, 7.328081848953044, 7.029453862023505, 7.350833744219637, 7.447803236224663, 7.610094381273877, 7.383934167924471, 6.7578616356533505, 7.332229768706037, 7.130854130524252, 7.277294571919974, 7.322440981445935, 7.630746174604527, 7.429419527125541, 7.424584683911238, 6.986493915561365, 8.189561676040098, 7.333611959185475, 6.812920062478655, 7.4525868870616225, 7.633538110287887, 7.357842853005273, 8.090223450086858, 7.609135662633632, 6.40900138588578, 7.3665905103895835, 6.755194678382239, 7.75093247147578, 7.307125516877846, 7.251167111164188, 7.125217981741452, 6.9656426176686566, 7.778127654448356, 7.353552987463836, 7.083463976916505, 7.171378341022988, 7.131312649213559, 7.095626319408421, 6.970208970783213, 7.1197570709692375, 7.400572926356244, 7.693744158341335, 6.660274032966322, 7.251364291974147, 7.498150225692855, 7.426657262932041, 7.270812537825703, 6.721376592856046, 7.953073899254573, 7.434197244877559, 7.6579410916772, 7.277991384405125, 7.263903412253107, 7.730159389938837], 'num_of_paper': [773, 208, 71, 43, 39, 43, 56, 36, 38, 38, 34, 33, 28, 36, 33, 28, 44, 39, 32, 45, 49, 55, 35, 57, 50, 35, 46, 43, 47, 35, 44, 38, 38, 37, 37, 39, 41, 40, 33, 35, 33, 57, 40, 53, 41, 54, 37, 54, 49, 36, 43, 50, 63, 38, 42, 42, 46, 33, 40, 48, 37, 39, 42, 42, 37, 44, 33, 41, 46, 36], 'frac_error': [34.83870967741935, 45.238095238095234, 60.0, 77.77777777777779, 75.0, 77.77777777777779, 58.33333333333333, 62.5, 75.0, 75.0, 71.42857142857143, 42.85714285714286, 66.66666666666667, 62.5, 42.85714285714286, 100.0, 77.77777777777779, 62.5, 100.0, 77.77777777777779, 60.0, 63.63636363636363, 57.14285714285714, 58.33333333333333, 70.0, 71.42857142857143, 60.0, 77.77777777777779, 70.0, 71.42857142857143, 77.77777777777779, 62.5, 75.0, 62.5, 62.5, 87.5, 77.77777777777779, 75.0, 57.14285714285714, 71.42857142857143, 100.0, 58.33333333333333, 87.5, 36.36363636363637, 66.66666666666667, 63.63636363636363, 75.0, 81.81818181818181, 80.0, 62.5, 77.77777777777779, 90.0, 69.23076923076923, 87.5, 77.77777777777779, 77.77777777777779, 70.0, 71.42857142857143, 87.5, 60.0, 75.0, 62.5, 77.77777777777779, 77.77777777777779, 62.5, 66.66666666666667, 85.71428571428572, 55.55555555555556, 60.0, 75.0], 'hamming_error': [97.35575679172057, 45.59615384615385, 15.887323943661972, 9.720930232558139, 10.0, 11.767441860465116, 11.678571428571429, 8.166666666666666, 9.842105263157896, 9.894736842105264, 8.764705882352942, 6.848484848484849, 6.428571428571429, 9.61111111111111, 6.181818181818182, 7.571428571428571, 10.045454545454545, 9.384615384615385, 9.1875, 13.155555555555555, 12.979591836734693, 11.236363636363636, 7.828571428571428, 14.070175438596491, 11.48, 6.4, 11.26086956521739, 13.86046511627907, 9.361702127659575, 7.885714285714286, 9.954545454545455, 8.421052631578947, 9.0, 8.702702702702704, 9.405405405405405, 10.0, 9.365853658536585, 9.9, 6.0, 9.314285714285715, 8.848484848484848, 12.807017543859649, 12.0, 9.132075471698114, 10.0, 17.333333333333332, 11.513513513513514, 14.962962962962964, 11.551020408163266, 8.5, 12.232558139534884, 14.64, 16.0, 9.052631578947368, 9.238095238095237, 12.238095238095237, 11.130434782608695, 8.727272727272727, 11.55, 10.625, 7.621621621621622, 8.153846153846153, 10.238095238095237, 9.714285714285714, 9.18918918918919, 9.727272727272727, 9.333333333333334, 11.75609756097561, 9.521739130434783, 10.277777777777779]}
